0.0 0.0 -57.239
-0.341 0.671 -56.744
-0.688 1.332 -56.312
-1.04 1.982 -55.942
-1.398 2.621 -55.635
-1.76 3.25 -55.39
-2.128 3.869 -55.206
-2.5 4.478 -55.086
-2.877 5.077 -55.028
-3.259 5.667 -55.034
-3.646 6.247 -55.104
-4.036 6.818 -55.24
-4.431 7.38 -55.443
-4.83 7.934 -55.715
-5.233 8.478 -56.057
-5.64 9.015 -56.472
-6.051 9.543 -56.963
-6.465 10.063 -57.532
-6.883 10.575 -58.184
-7.304 11.079 -58.923
-7.728 11.576 -59.753
-8.155 12.066 -60.679
-8.585 12.548 -61.709
-9.019 13.024 -62.849
-9.454 13.493 -64.108
-9.893 13.955 -65.495
-10.333 14.411 -67.022
-10.776 14.86 -68.701
-11.221 15.304 -70.549
-11.669 15.742 -72.581
-12.118 16.174 -74.82
-12.568 16.601 -77.289
-13.021 17.022 -80.017
-13.475 17.439 -83.041
-13.93 17.85 -86.401
-14.387 18.257 -90.148
-14.845 18.659 -94.347
-15.304 19.057 -99.073
-15.763 19.451 -104.426
-16.224 19.841 -110.528
-16.685 20.227 -117.541
-17.146 20.609 -125.674
-17.608 20.988 -135.209
-18.07 21.364 -146.533
-18.532 21.737 -160.188
-18.995 22.107 -176.963
-19.456 22.474 -198.053
-19.918 22.839 -225.349
-20.379 23.201 -262.044
-20.84 23.562 -313.973
-21.3 23.92 -393.072
-21.759 24.277 -528.152
-22.217 24.632 -811.055
-22.675 24.986 -1777.009
-23.13 25.339 8525.897
-23.585 25.69 1238.898
-24.038 26.041 663.604
-24.49 26.392 451.148
-24.94 26.741 340.586
-25.388 27.091 272.811
-25.834 27.441 227.024
-26.277 27.79 194.029
-26.719 28.14 169.13
-27.158 28.491 149.682
-27.595 28.842 134.078
-28.029 29.194 121.287
-28.461 29.548 110.618
-28.889 29.902 101.589
-29.315 30.258 93.855
-29.737 30.615 87.161
-30.156 30.975 81.316
-30.572 31.336 76.173
-30.984 31.7 71.618
-31.392 32.065 67.562
-31.797 32.434 63.931
-32.197 32.805 60.667
-32.594 33.179 57.723
-32.987 33.556 55.058
-33.375 33.937 52.64
-33.758 34.321 50.441
-34.138 34.708 48.439
-34.512 35.1 46.612
-34.882 35.496 44.945
-35.246 35.895 43.424
-35.606 36.3 42.034
-35.96 36.708 40.767
-36.309 37.122 39.612
-36.653 37.541 38.562
-36.99 37.964 37.609
-37.323 38.394 36.747
-37.649 38.828 35.971
-37.969 39.269 35.277
-38.283 39.715 34.66
-38.591 40.167 34.116
-38.893 40.626 33.644
-39.188 41.091 33.24
-39.476 41.563 32.901
-39.757 42.041 32.627
-40.032 42.527 32.416
-40.3 43.02 32.266
-40.56 43.52 32.177
